day FOPRb FWPRb FOPRp FWPRp
30 635.979 0.000 616.479 0.000
60 635.983 0.000 616.490 0.000
90 635.979 0.000 616.486 0.000
120 635.975 0.000 616.480 0.000
150 633.917 1.983 615.583 0.854
180 619.127 16.757 604.053 12.327
210 606.543 29.395 591.279 25.139
240 594.830 41.087 579.285 37.135
270 579.302 56.638 564.248 52.192
300 561.670 74.288 547.168 69.294
330 542.019 93.948 527.797 88.680
360 522.614 113.323 510.991 105.499
390 499.735 136.151 496.863 119.627
420 476.532 159.372 485.007 131.481
450 454.421 181.507 472.976 143.480
480 435.601 200.357 455.205 161.182
510 409.260 226.604 427.230 189.076
540 374.975 260.850 389.098 227.172
570 340.013 295.818 349.299 266.989
600 306.479 329.390 314.131 302.226
630 277.139 358.788 284.137 332.275
660 255.259 380.727 260.060 356.405
690 236.550 399.458 239.934 376.574
720 218.345 417.667 222.205 394.317
750 202.456 433.572 203.575 412.942
780 188.714 447.324 188.040 428.491
810 176.296 459.745 174.491 442.044
840 165.510 470.534 162.918 453.625
870 156.357 479.687 152.861 463.684
900 148.168 487.872 144.409 472.133
930 140.512 495.526 137.018 479.524
960 134.020 502.018 130.034 486.503
990 128.139 507.897 124.028 492.508
1020 122.797 513.237 118.680 497.852
1050 117.896 518.137 113.858 502.676
1080 113.321 522.711 109.526 507.006
1110 108.942 527.091 105.506 511.024
1140 104.789 531.240 101.719 514.813
1170 100.807 535.224 98.155 518.376
1200 96.950 539.081 94.783 521.745
1230 93.050 542.983 91.578 524.951
1260 89.131 546.899 88.409 528.118
1290 85.154 550.878 85.315 531.212
1320 81.096 554.933 82.221 534.304
1350 77.156 558.872 79.148 537.378
1380 73.399 562.630 76.076 540.451
1410 69.975 566.053 73.084 543.441
1440 66.904 569.123 70.193 546.332
1470 64.106 571.921 67.469 549.055
1500 61.531 574.495 64.930 551.595
1530 59.190 576.837 62.601 553.922
1560 57.040 578.984 60.439 556.084
1590 55.089 580.934 58.423 558.100
1620 53.303 582.719 56.514 560.007
1650 51.675 584.345 54.727 561.794
1680 50.156 585.861 53.050 563.470
1710 48.719 587.299 51.487 565.034
1740 47.331 588.690 50.020 566.501
1770 46.036 589.979 48.645 567.872
1800 44.829 591.188 47.357 569.160
1830 43.708 592.309 46.119 570.398
1860 42.664 593.353 44.932 571.582
1890 41.682 594.333 43.794 572.722
1920 40.759 595.256 42.684 573.832
1950 39.881 596.134 41.613 574.903
1980 39.036 596.978 40.595 575.921
2010 38.220 597.795 39.605 576.910
2040 37.431 598.584 38.656 577.859
2070 36.666 599.347 37.729 578.785
2100 35.922 600.093 36.837 579.680
2130 35.197 600.819 35.986 580.531
2160 34.493 601.521 35.180 581.335
2190 33.809 602.206 34.413 582.101
2220 33.142 602.871 33.684 582.829
2250 32.493 603.520 32.990 583.524
2280 31.859 604.154 32.324 584.189
2310 31.241 604.772 31.683 584.829
2340 30.641 605.374 31.064 585.449
2370 30.057 605.956 30.468 586.046
2400 29.489 606.523 29.888 586.625
2430 28.936 607.076 29.326 587.185
2460 28.399 607.614 28.780 587.732
2490 27.876 608.137 28.248 588.265
2520 27.368 608.645 27.730 588.778
2550 26.875 609.136 27.228 589.283
2580 26.398 609.613 26.742 589.770
2610 25.934 610.077 26.269 590.242
2640 25.485 610.526 25.812 590.699
2670 25.048 610.961 25.369 591.142
2700 24.622 611.388 24.939 591.572
2730 24.208 611.801 24.520 591.990
2760 23.804 612.205 24.115 592.394
2790 23.414 612.596 23.721 592.789
2820 23.033 612.976 23.339 593.168
2850 22.663 613.345 22.969 593.539
2880 22.304 613.705 22.610 593.900
2910 21.954 614.055 22.259 594.250
2940 21.614 614.395 21.918 594.591
2970 21.282 614.726 21.584 594.925
3000 20.959 615.050 21.260 595.247
3030 20.644 615.365 20.943 595.565
3060 20.337 615.669 20.635 595.872
3090 20.039 615.969 20.334 596.171
3120 19.748 616.260 20.041 596.466
3150 19.464 616.543 19.756 596.752
3180 19.187 616.820 19.478 597.029
3210 18.918 617.089 19.207 597.300
3240 18.655 617.353 18.944 597.564
3270 18.399 617.609 18.686 597.821
3300 18.149 617.859 18.436 598.071
3330 17.905 618.102 18.191 598.316
3360 17.667 618.339 17.951 598.555
3390 17.435 618.572 17.717 598.790
3420 17.208 618.799 17.488 599.018
3450 16.989 619.018 17.265 599.241
3480 16.775 619.232 17.047 599.459
3510 16.566 619.441 16.834 599.672
3540 16.361 619.645 16.627 599.879
3570 16.162 619.844 16.425 600.081
3600 15.968 620.037 16.228 600.277
